1
2
3
4
5
6
7
8
9
10
11
12
13
14
15
16
17
18
19
20
21
22
23
24
25
26
-1
27
28
29
30
31
32
33
34
35
10
36
37
38
39
40
41
42
43
44
45
46
47
-1
48
49
50
51
52
53
34
54
12
55
56
57
58
59
60
61
62
63
-1
20
64
65
66
67
62
68
69
70
71
72
73
74
75
76
77
78
79
80
81
82
83
84
-1
47
85
86
87
88
74
-1
89
90
91
92
93
94
95
96
0
97
98
99
100
101
35
54
102
15
103
104
57
105
106
107
108
109
110
111
112
75
-1
113
114
115
39
116
105
117
59
118
19
-1